0.056009570326539 2
0.043615572467842 3
0.001812084462018 4
0.001312933841549 5
0.000033865142622 6
0.000024381901158 7
0.000000417413113 8
0.000000300661979 9
0.000000003634858 10
0.000000002626234 11
0.000000000023599 12
0.000000000017041 13
0.000000000000145 14
0.000000000007336 15
0.000000000000245 16
0.000000000000321 17
0.000000000000737 18
0.000000000001414 19
0.000000000002197 20
0.000000000004952 21
0.000000000006356 22
0.000000000010479 23
0.000000003449543 24
0.000000001537782 25
0.000000000080143 26
0.000000000106740 27
0.000000018483125 28
0.000000143831261 29
0.000000100032351 30
0.000000311869501 31
0.000000005201002 32
0.000001351622491 33
0.000001487077736 34
0.000000020796090 35
0.000004241796810 36
0.000017614750776 37
0.000031080225847 38
0.000000401978747 39
0.000000937873932 40
0.000001717770945 41
0.000002143252171 42
0.000005731542103 43
0.000919370392584 44
0.011240331641312 45
0.000048003442110 46
0.005646654279175 47
0.020311482344400 48
0.000224582926636 49
0.160115044690832 50
0.252098734570009 51
0.001587384446538 52
0.723887905650414 53
0.016080485911983 54
0.009633883121219 55
0.025637859107752 56
4.386090568523908 57
0.190619005374447 58
0.207867094361795 59
0.589528061122302 60
0.503336543326463 61
2.762003108856939 62
3.862754403853181 63
5.251191523350510 64
22.823976468205480 65
27187.372333695519000 66
5241.646121667990900 67
30828.010299338559000 68
216.141510945170210 69
535.385679954945430 70
708.552792722440700 71
253567.164718532730000 72
2312.739058840913000 73
6508.271042580127900 74
1747225.109698445300000 75
12856.489688813757000 76
10541.891093028640000 77
98753.998005401925000 78
198629.274742170210000 79
534502.102110181940000 80
129662659.885869120000000 81
1720692.393599369300000 82
432908877.951559010000000 83
4461927487.090652500000000 84
14547310.965366947000000 85
32181773.182591796000000 86
36939083.160061695000000 87
11415570947.747808000000000 88
9583947778.839698800000000 89
216360783.770110340000000 90
330638110.975419280000000 91
1250483329.571739900000000 92
1009394212.590115300000000 93
8155706138.411152800000000 94
8461135155.560850100000000 95
19905906612.528545000000000 96
17177363242.659184000000000 97
74077243733.801331000000000 98
51123828128750.977000000000000 99
