0.054804177645083 2
0.029198911402958 3
0.001180074231406 4
0.000610194660976 5
0.000013316162359 6
0.000006797843695 7
0.000000092627393 8
0.000000046971884 9
0.000000000437199 10
0.000000000220842 11
0.000000000001492 12
0.000000000000752 13
0.000000000000004 14
0.000000000000002 15
0.000000000000001 16
0.000000000000001 17
0.000000000000001 18
0.000000000000001 19
0.000000000000001 20
0.000000000000001 21
0.000000000000001 22
0.000000000000001 23
0.000000000000001 24
0.000000000000001 25
0.000000000000001 26
0.000000000000001 27
0.000000000000001 28
0.000000000000001 29
0.000000000000001 30
0.000000000000001 31
0.000000000000001 32
0.000000000000002 33
0.000000000000001 34
0.000000000000001 35
0.000000000000001 36
0.000000000000002 37
0.000000000000002 38
0.000000000000002 39
0.000000000000002 40
0.000000000000002 41
0.000000000000002 42
0.000000000000001 43
0.000000000000001 44
0.000000000000002 45
0.000000000000002 46
0.000000000000002 47
0.000000000000002 48
0.000000000000002 49
0.000000000000002 50
0.000000000000002 51
0.000000000000002 52
0.000000000000002 53
0.000000000000002 54
0.000000000000002 55
0.000000000000002 56
0.000000000000002 57
0.000000000000002 58
0.000000000000002 59
0.000000000000002 60
0.000000000000002 61
0.000000000000002 62
0.000000000000001 63
0.000000000000003 64
0.000000000000002 65
0.000000000000002 66
0.000000000000003 67
0.000000000000003 68
0.000000000000003 69
0.000000000000002 70
0.000000000000003 71
0.000000000000002 72
0.000000000000002 73
0.000000000000004 74
0.000000000000002 75
0.000000000000002 76
0.000000000000003 77
0.000000000000004 78
0.000000000000002 79
0.000000000000003 80
0.000000000000003 81
0.000000000000003 82
0.000000000000003 83
0.000000000000003 84
0.000000000000003 85
0.000000000000003 86
0.000000000000003 87
0.000000000000003 88
0.000000000000004 89
0.000000000000004 90
0.000000000000003 91
0.000000000000004 92
0.000000000000003 93
0.000000000000004 94
0.000000000000004 95
0.000000000000004 96
0.000000000000004 97
0.000000000000004 98
0.000000000000003 99
