0.000000000000000 0.000000000000000
0.010000000000000 0.009858305926963
0.020000000000000 0.019725714798068
0.030000000000000 0.029600841488107
0.040000000000000 0.039482309774871
0.050000000000000 0.049368752339150
0.060000000000000 0.059258810764731
0.070000000000000 0.069151135538400
0.080000000000000 0.079044386049941
0.090000000000000 0.088937230592137
0.100000000000000 0.098828346360769
0.110000000000000 0.108716419454615
0.120000000000000 0.118600144875454
0.130000000000000 0.128478226528061
0.140000000000000 0.138349377220210
0.150000000000000 0.148212318662674
0.160000000000000 0.158065781469223
0.170000000000000 0.167908505156626
0.180000000000000 0.177739238144651
0.190000000000000 0.187556737756063
0.200000000000000 0.197359770216627
0.210000000000000 0.207147110655105
0.220000000000000 0.216917543103256
0.230000000000000 0.226669860495841
0.240000000000000 0.236402864670616
0.250000000000000 0.246115366368338
0.260000000000000 0.255806185232759
0.270000000000000 0.265474149810632
0.280000000000000 0.275118097551708
0.290000000000000 0.284736874808735
0.300000000000000 0.294329336837460
0.310000000000000 0.303894347796629
0.320000000000000 0.313430780747986
0.330000000000000 0.322937517656273
0.340000000000000 0.332413449389229
0.350000000000000 0.341857475717594
0.360000000000000 0.351268505315104
0.370000000000000 0.360645455758496
0.380000000000000 0.369987253527503
0.390000000000000 0.379292834004855
0.400000000000000 0.388561141476284
0.410000000000000 0.397791129130520
0.420000000000000 0.406981759059286
0.430000000000000 0.416132002257311
0.440000000000000 0.425240838622316
0.450000000000000 0.434307256955024
0.460000000000000 0.443330254959154
0.470000000000000 0.452308839241426
0.480000000000000 0.461242025311555
0.490000000000000 0.470128837582258
0.500000000000000 0.478968309369247
0.510000000000000 0.487759482891235
0.520000000000000 0.496501409269930
0.530000000000000 0.505193148530042
0.540000000000000 0.513833769599277
0.550000000000000 0.522422350308340
0.560000000000000 0.530957977390934
0.570000000000000 0.539439746483761
0.580000000000000 0.547866762126520
0.590000000000000 0.556238137761911
0.600000000000000 0.564552995735629
0.610000000000000 0.572810467296369
0.620000000000000 0.581009692595824
0.630000000000000 0.589149820688686
0.640000000000000 0.597230009532645
0.650000000000000 0.605249425988389
0.660000000000000 0.613207245819603
0.670000000000000 0.621102653692973
0.680000000000000 0.628934843178182
0.690000000000000 0.636703016747912
0.700000000000000 0.644406385777840
0.710000000000000 0.652044170546647
0.720000000000000 0.659615600236007
0.730000000000000 0.667119912930596
0.740000000000000 0.674556355618086
0.750000000000000 0.681924184189149
0.760000000000000 0.689222663437454
0.770000000000000 0.696451067059669
0.780000000000000 0.703608677655460
0.790000000000000 0.710694786727491
0.800000000000000 0.717708694681426
0.810000000000001 0.724649710825926
0.820000000000001 0.731517153372649
0.830000000000001 0.738310349436254
0.840000000000001 0.745028635034396
0.850000000000001 0.751671355087730
0.860000000000001 0.758237863419909
0.870000000000001 0.764727522757583
0.880000000000001 0.771139704730403
0.890000000000001 0.777473789871014
0.900000000000001 0.783729167615064
0.910000000000001 0.789905236301197
0.920000000000001 0.796001403171054
0.930000000000001 0.802017084369278
0.940000000000001 0.807951704943506
0.950000000000001 0.813804698844377
0.960000000000001 0.819575508925527
0.970000000000001 0.825263586943589
0.980000000000001 0.830868393558196
0.990000000000001 0.836389398331978
1.000000000000001 0.841826079730565
1.010000000000001 0.847177925122584
1.020000000000001 0.852444430779661
1.030000000000001 0.857625101876419
1.040000000000001 0.862719452490481
1.050000000000001 0.867727005602468
1.060000000000001 0.872647293095999
1.070000000000001 0.877479855757689
1.080000000000001 0.882224243277157
1.090000000000001 0.886880014247014
1.100000000000001 0.891446736162874
1.110000000000001 0.895923985423346
1.120000000000001 0.900311347330040
1.130000000000001 0.904608416087563
1.140000000000001 0.908814794803520
1.150000000000001 0.912930095488515
1.160000000000001 0.916953939056149
1.170000000000001 0.920885955323024
1.180000000000001 0.924725783008738
1.190000000000001 0.928473069735888
1.200000000000001 0.932127472030069
1.210000000000001 0.935688655319875
1.220000000000001 0.939156293936898
1.230000000000001 0.942530071115728
1.240000000000001 0.945809678993954
1.250000000000001 0.948994818612163
1.260000000000001 0.952085199913938
1.270000000000001 0.955080541745866
1.280000000000001 0.957980571857526
1.290000000000001 0.960785026901499
1.300000000000001 0.963493652433365
1.310000000000001 0.966106202911698
1.320000000000001 0.968622441698076
1.330000000000001 0.971042141057070
1.340000000000001 0.973365082156252
1.350000000000001 0.975591055066193
1.360000000000001 0.977719858760462
1.370000000000001 0.979751301115623
1.380000000000001 0.981685198911243
1.390000000000001 0.983521377829885
1.400000000000001 0.985259672457110
1.410000000000001 0.986899926281479
1.420000000000001 0.988441991694548
1.430000000000001 0.989885729990876
1.440000000000001 0.991231011368017
1.450000000000001 0.992477714926524
1.460000000000001 0.993625728669948
1.470000000000001 0.994674949504840
1.480000000000001 0.995625283240746
1.490000000000001 0.996476644590214
1.500000000000001 0.997228957168789
1.510000000000001 0.997882153495013
1.520000000000001 0.998436174990428
1.530000000000001 0.998890971979574
1.540000000000001 0.999246503689988
1.550000000000001 0.999502738252206
1.560000000000001 0.999659652699765
1.570000000000001 0.999717232969195
1.580000000000001 0.999675473900028
1.590000000000001 0.999534379234795
1.600000000000001 0.999293961619022
1.610000000000001 0.998954242601237
1.620000000000001 0.998515252632963
1.630000000000001 0.997977031068723
1.640000000000001 0.997339626166039
1.650000000000001 0.996603095085429
1.660000000000001 0.995767503890413
1.670000000000001 0.994832927547505
1.680000000000001 0.993799449926219
1.690000000000001 0.992667163799070
1.700000000000001 0.991436170841567
1.710000000000001 0.990106581632220
1.720000000000001 0.988678515652536
1.730000000000001 0.987152101287022
1.740000000000001 0.985527475823182
1.750000000000001 0.983804785451518
1.760000000000001 0.981984185265532
1.770000000000001 0.980065839261722
1.780000000000001 0.978049920339585
1.790000000000001 0.975936610301618
1.800000000000001 0.973726099853315
1.810000000000001 0.971418588603169
1.820000000000001 0.969014285062669
1.830000000000001 0.966513406646306
1.840000000000001 0.963916179671565
1.850000000000001 0.961222839358934
1.860000000000001 0.958433629831897
1.870000000000001 0.955548804116934
1.880000000000001 0.952568624143529
1.890000000000002 0.949493360744157
1.900000000000002 0.946323293654299
1.910000000000002 0.943058711512428
1.920000000000002 0.939699911860020
1.930000000000002 0.936247201141545
1.940000000000002 0.932700894704475
1.950000000000002 0.929061316799278
1.960000000000002 0.925328800579422
1.970000000000002 0.921503688101371
1.980000000000002 0.917586330324591
1.990000000000002 0.913577087111542
2.000000000000001 0.909476327227686
2.010000000000001 0.905284428341481
2.020000000000001 0.901001777024384
2.030000000000001 0.896628768750850
2.040000000000001 0.892165807898333
2.050000000000000 0.887613307747285
2.060000000000000 0.882971690481157
2.070000000000000 0.878241387186397
2.080000000000000 0.873422837852451
2.089999999999999 0.868516491371766
2.099999999999999 0.863522805539784
2.109999999999999 0.858442247054948
2.119999999999999 0.853275291518697
2.129999999999999 0.848022423435470
2.139999999999998 0.842684136212704
2.149999999999998 0.837260932160834
2.159999999999998 0.831753322493294
2.169999999999998 0.826161827326515
2.179999999999998 0.820486975679927
2.189999999999997 0.814729305475959
2.199999999999997 0.808889363540037
2.209999999999997 0.802967705600586
2.219999999999997 0.796964896289030
2.229999999999996 0.790881509139790
2.239999999999996 0.784718126590286
2.249999999999996 0.778475339980937
2.259999999999996 0.772153749555159
2.269999999999996 0.765753964459366
2.279999999999995 0.759276602742973
2.289999999999995 0.752722291358390
2.299999999999995 0.746091666161028
2.309999999999995 0.739385371909294
2.319999999999995 0.732604062264594
2.329999999999994 0.725748399791335
2.339999999999994 0.718819055956919
2.349999999999994 0.711816711131747
2.359999999999994 0.704742054589218
2.369999999999993 0.697595784505732
2.379999999999993 0.690378607960684
2.389999999999993 0.683091240936469
2.399999999999993 0.675734408318479
2.409999999999993 0.668308843895107
2.419999999999992 0.660815290357742
2.429999999999992 0.653254499300771
2.439999999999992 0.645627231221581
2.449999999999992 0.637934255520556
2.459999999999992 0.630176350501080
2.469999999999991 0.622354303369533
2.479999999999991 0.614468910235295
2.489999999999991 0.606520976110743
2.499999999999991 0.598511314911255
2.509999999999991 0.590440749455203
2.519999999999990 0.582310111463961
2.529999999999990 0.574120241561901
2.539999999999990 0.565871989276390
2.549999999999990 0.557566213037798
2.559999999999989 0.549203780179489
2.569999999999989 0.540785566937829
2.579999999999989 0.532312458452180
2.589999999999989 0.523785348764902
2.599999999999989 0.515205140821356
2.609999999999988 0.506572746469898
2.619999999999988 0.497889086461885
2.629999999999988 0.489155090451670
2.639999999999988 0.480371696996606
2.649999999999988 0.471539853557045
2.659999999999987 0.462660516496334
2.669999999999987 0.453734651080822
2.679999999999987 0.444763231479854
2.689999999999987 0.435747240765775
2.699999999999986 0.426687670913926
2.709999999999986 0.417585522802649
2.719999999999986 0.408441806213282
2.729999999999986 0.399257539830163
2.739999999999986 0.390033751240628
2.749999999999985 0.380771476935009
2.759999999999985 0.371471762306641
2.769999999999985 0.362135661651852
2.779999999999985 0.352764238169973
2.789999999999985 0.343358563963330
2.799999999999984 0.333919720037249
2.809999999999984 0.324448796300053
2.819999999999984 0.314946891563066
2.829999999999984 0.305415113540607
2.839999999999983 0.295854578849995
2.849999999999983 0.286266413011547
2.859999999999983 0.276651750448578
2.869999999999983 0.267011734487403
2.879999999999983 0.257347517357334
2.889999999999982 0.247660260190679
2.899999999999982 0.237951133022750
2.909999999999982 0.228221314791851
2.919999999999982 0.218471993339290
2.929999999999982 0.208704365409368
2.939999999999981 0.198919636649389
2.949999999999981 0.189119021609653
2.959999999999981 0.179303743743456
2.969999999999981 0.169475035407099
2.979999999999980 0.159634137859874
2.989999999999980 0.149782301264075
2.999999999999980 0.139920784684996
3.009999999999980 0.130050856090924
3.019999999999980 0.120173792353149
3.029999999999979 0.110290879245958
3.039999999999979 0.100403411446636
3.049999999999979 0.090512692535465
3.059999999999979 0.080620034995729
3.069999999999979 0.070726760213706
3.079999999999978 0.060834198478675
3.089999999999978 0.050943688982913
3.099999999999978 0.041056579821695
3.109999999999978 0.031174227993294
3.119999999999978 0.021297999398981
3.129999999999977 0.011429268843027
3.139999999999977 0.001569420032699
